ONION HIGH
[0.50005, 3990, 5, 0.6, 0.2, 0.2, 0.50005]
MANDI 0.5373134328358209 0.5275475343731623 51 25 37 21
RETAIL 0.5970149253731343 0.594985238641955 51 25 29 29
ARRIVAL 0.44776119402985076 0.44497977147230877 41 35 39 19
MANDI_RETAIL 0.5522388059701493 0.5377398720682303 54 22 38 20
MANDI_ARRIVAL 0.6194029850746269 0.6004368180394044 61 15 36 22
RETAIL_ARRIVAL 0.6119402985074627 0.5993745557924663 58 18 34 24
MANDI_RETAIL_ARRIVAL 0.5223880597014925 0.5038110766694738 53 23 41 17
[1.0, 1886, 3, 0.1, 0.5, 0.1, 0.250075]
MANDI 0.47761194029850745 0.47761194029850745 41 35 35 23
RETAIL 0.5671641791044776 0.564984145208026 49 27 31 27
ARRIVAL 0.5298507462686567 0.5251034080075647 48 28 35 23
MANDI_RETAIL 0.5373134328358209 0.5317440574903262 49 27 35 23
MANDI_ARRIVAL 0.5 0.4994600738846264 43 33 34 24
RETAIL_ARRIVAL 0.5447761194029851 0.5431387169206779 47 29 32 26
MANDI_RETAIL_ARRIVAL 0.5298507462686567 0.5232189317532613 49 27 36 22
[0.50005, 2112, 3, 0.5, 0.1, 0.1, 1.0]
MANDI 0.5373134328358209 0.5275475343731623 51 25 37 21
RETAIL 0.6119402985074627 0.6099857853589197 52 24 28 30
ARRIVAL 0.5 0.49820154153582646 44 32 35 23
MANDI_RETAIL 0.5373134328358209 0.5317440574903262 49 27 35 23
MANDI_ARRIVAL 0.5746268656716418 0.5686266525386651 52 24 33 25
RETAIL_ARRIVAL 0.5671641791044776 0.5619541182974017 51 25 33 25
MANDI_RETAIL_ARRIVAL 0.5597014925373134 0.5467799438805264 54 22 37 21
[1.0, 2112, 5, 0.5, 0.3, 0.5, 1.0]
MANDI 0.5149253731343284 0.5058842509625406 49 27 38 20
RETAIL 0.5895522388059702 0.5899471905204831 48 28 27 31
ARRIVAL 0.5074626865671642 0.5015339966832504 47 29 37 21
MANDI_RETAIL 0.5447761194029851 0.5401794902930389 49 27 34 24
MANDI_ARRIVAL 0.5970149253731343 0.5970149253731343 49 27 27 31
RETAIL_ARRIVAL 0.5522388059701493 0.548528931865414 49 27 33 25
MANDI_RETAIL_ARRIVAL 0.5447761194029851 0.5417721172070445 48 28 33 25
[0.250075, 1268, 4, 0.1, 0.6, 0.5, 0.0001]
MANDI 0.47761194029850745 0.47498086490623803 43 33 37 21
RETAIL 0.6343283582089553 0.6306359840058837 55 21 28 30
ARRIVAL 0.5522388059701493 0.5530483177333672 45 31 29 29
MANDI_RETAIL 0.5373134328358209 0.5334798962609278 48 28 34 24
MANDI_ARRIVAL 0.5970149253731343 0.5921641791044776 53 23 31 27
RETAIL_ARRIVAL 0.6268656716417911 0.620781487391832 56 20 30 28
MANDI_RETAIL_ARRIVAL 0.4925373134328358 0.4883327894474693 45 31 37 21
[0.50005, 4162, 5, 0.6, 0.1, 0.4, 0.0001]
MANDI 0.5223880597014925 0.5184308606564416 47 29 35 23
RETAIL 0.6044776119402985 0.6018675772454648 52 24 29 29
ARRIVAL 0.4925373134328358 0.48426282285289146 47 29 39 19
MANDI_RETAIL 0.5149253731343284 0.5058842509625406 49 27 38 20
MANDI_ARRIVAL 0.5746268656716418 0.564540053483685 54 22 35 23
RETAIL_ARRIVAL 0.5671641791044776 0.5531485429992893 55 21 37 21
MANDI_RETAIL_ARRIVAL 0.5 0.48532637694907227 50 26 41 17
[0.7500249999999999, 2112, 5, 0.7, 0.3, 0.4, 1.0]
MANDI 0.5298507462686567 0.5210878124713854 50 26 37 21
RETAIL 0.582089552238806 0.5837788376777688 45 31 25 33
ARRIVAL 0.47761194029850745 0.4690940823485647 46 30 40 18
MANDI_RETAIL 0.5373134328358209 0.5250713124667238 52 24 38 20
MANDI_ARRIVAL 0.6343283582089553 0.6275127430332997 57 19 30 28
RETAIL_ARRIVAL 0.5522388059701493 0.5403915927097328 53 23 37 21
MANDI_RETAIL_ARRIVAL 0.5074626865671642 0.49943156335721817 48 28 38 20
[1.0, 1886, 5, 0.6, 0.2, 0.4, 0.0001]
MANDI 0.5149253731343284 0.5117243871878343 46 30 35 23
RETAIL 0.6417910447761194 0.6432390037238018 49 27 21 37
ARRIVAL 0.4701492537313433 0.46267530403938967 45 31 40 18
MANDI_RETAIL 0.5149253731343284 0.5034228680077107 50 26 39 19
MANDI_ARRIVAL 0.5522388059701493 0.5449377848701983 51 25 35 23
RETAIL_ARRIVAL 0.5895522388059702 0.588075892305529 50 26 29 29
MANDI_RETAIL_ARRIVAL 0.5 0.49820154153582646 44 32 35 23
[0.250075, 3549, 3, 0.6, 0.2, 0.5, 0.250075]
MANDI 0.5597014925373134 0.5581177753822949 48 28 31 27
RETAIL 0.5895522388059702 0.5905939256399746 47 29 26 32
ARRIVAL 0.44029850746268656 0.4270263861627432 45 31 44 14
MANDI_RETAIL 0.5671641791044776 0.5557118729527416 54 22 36 22
MANDI_ARRIVAL 0.6119402985074627 0.6056127468875052 55 21 31 27
RETAIL_ARRIVAL 0.5746268656716418 0.5686266525386651 52 24 33 25
MANDI_RETAIL_ARRIVAL 0.5 0.4929471178963256 47 29 38 20
[0.7500249999999999, 3549, 3, 0.8, 0.5, 0.4, 0.50005]
MANDI 0.5223880597014925 0.5212998575135259 45 31 33 25
RETAIL 0.582089552238806 0.5837788376777688 45 31 25 33
ARRIVAL 0.48507462686567165 0.481676657168624 44 32 37 21
MANDI_RETAIL 0.5597014925373134 0.5467799438805264 54 22 37 21
MANDI_ARRIVAL 0.5895522388059702 0.583762559467133 53 23 32 26
RETAIL_ARRIVAL 0.5746268656716418 0.5666984969979201 53 23 34 24
MANDI_RETAIL_ARRIVAL 0.5298507462686567 0.5281596584590608 46 30 33 25
[0.250075, 2836, 5, 0.5, 0.3, 0.5, 1.0]
MANDI 0.5298507462686567 0.5210878124713854 50 26 37 21
RETAIL 0.5746268656716418 0.5757064320268827 46 30 27 31
ARRIVAL 0.5522388059701493 0.546849087893864 50 26 34 24
MANDI_RETAIL 0.5746268656716418 0.5666984969979201 53 23 34 24
MANDI_ARRIVAL 0.6044776119402985 0.5988984663956008 54 22 31 27
RETAIL_ARRIVAL 0.5671641791044776 0.558028338607152 53 23 35 23
MANDI_RETAIL_ARRIVAL 0.5522388059701493 0.5403915927097328 53 23 37 21
[1.0, 2112, 4, 0.8, 0.5, 0.6, 0.0001]
MANDI 0.5671641791044776 0.560106525374525 52 24 34 24
RETAIL 0.5522388059701493 0.5540487546547522 43 33 27 31
ARRIVAL 0.5447761194029851 0.5431387169206779 47 29 32 26
MANDI_RETAIL 0.5298507462686567 0.5210878124713854 50 26 37 21
MANDI_ARRIVAL 0.5522388059701493 0.548528931865414 49 27 33 25
RETAIL_ARRIVAL 0.5597014925373134 0.5534907456101971 51 25 34 24
MANDI_RETAIL_ARRIVAL 0.5074626865671642 0.49706673013917285 49 27 39 19
[0.50005, 4387, 4, 0.6, 0.6, 0.2, 0.250075]
MANDI 0.5447761194029851 0.5417721172070445 48 28 33 25
RETAIL 0.582089552238806 0.5828450965511426 47 29 27 31
ARRIVAL 0.4701492537313433 0.46479907886566824 44 32 39 19
MANDI_RETAIL 0.5522388059701493 0.5449377848701983 51 25 35 23
MANDI_ARRIVAL 0.5895522388059702 0.5854077371494613 52 24 31 27
RETAIL_ARRIVAL 0.5895522388059702 0.5798193498526784 55 21 34 24
MANDI_RETAIL_ARRIVAL 0.4701492537313433 0.46665279215901906 43 33 38 20
[0.0001, 4713, 4, 0.6, 0.5, 0.1, 0.250075]
MANDI 0.5597014925373134 0.5303154556885901 59 17 42 16
RETAIL 0.5597014925373134 0.5341898800926245 58 18 41 17
ARRIVAL 0.5298507462686567 0.48915642780572266 59 17 46 12
MANDI_RETAIL 0.5746268656716418 0.533087695562688 63 13 44 14
MANDI_ARRIVAL 0.5597014925373134 0.5410405019575661 56 20 39 19
RETAIL_ARRIVAL 0.5746268656716418 0.5499800536488066 59 17 40 18
MANDI_RETAIL_ARRIVAL 0.582089552238806 0.5336456975547127 65 11 45 13
[0.250075, 2836, 5, 0.8, 0.5, 0.1, 0.50005]
MANDI 0.5373134328358209 0.5334798962609278 48 28 34 24
RETAIL 0.5597014925373134 0.5612975776962602 40 36 23 35
ARRIVAL 0.5 0.4929471178963256 47 29 38 20
MANDI_RETAIL 0.5522388059701493 0.5427879364901571 52 24 36 22
MANDI_ARRIVAL 0.6044776119402985 0.6018675772454648 52 24 29 29
RETAIL_ARRIVAL 0.6044776119402985 0.6018675772454648 52 24 29 29
MANDI_RETAIL_ARRIVAL 0.5 0.49820154153582646 44 32 35 23
[0.250075, 2836, 5, 0.7, 0.3, 0.2, 0.250075]
MANDI 0.5149253731343284 0.5117243871878343 46 30 35 23
RETAIL 0.6119402985074627 0.6135089207007853 47 29 23 35
ARRIVAL 0.4626865671641791 0.4452878464818764 48 28 44 14
MANDI_RETAIL 0.5373134328358209 0.5275475343731623 51 25 37 21
MANDI_ARRIVAL 0.5671641791044776 0.5557118729527416 54 22 36 22
RETAIL_ARRIVAL 0.5895522388059702 0.5798193498526784 55 21 34 24
MANDI_RETAIL_ARRIVAL 0.5 0.49495124343661645 46 30 37 21
[0.250075, 4387, 4, 0.5, 0.2, 0.1, 0.7500249999999999]
MANDI 0.5522388059701493 0.5449377848701983 51 25 35 23
RETAIL 0.582089552238806 0.5811373753243352 49 27 29 29
ARRIVAL 0.5074626865671642 0.49706673013917285 49 27 39 19
MANDI_RETAIL 0.5746268656716418 0.564540053483685 54 22 35 23
MANDI_ARRIVAL 0.6268656716417911 0.6249863320758843 53 23 27 31
RETAIL_ARRIVAL 0.582089552238806 0.5770591487009398 52 24 32 26
MANDI_RETAIL_ARRIVAL 0.5223880597014925 0.5184308606564416 47 29 35 23
[0.7500249999999999, 4276, 5, 0.6, 0.6, 0.4, 0.50005]
MANDI 0.5447761194029851 0.5401794902930389 49 27 34 24
RETAIL 0.5746268656716418 0.5730968338439121 49 27 30 28
ARRIVAL 0.5298507462686567 0.5293430545482307 45 31 32 26
MANDI_RETAIL 0.5522388059701493 0.5449377848701983 51 25 35 23
MANDI_ARRIVAL 0.5373134328358209 0.5349830517740966 47 29 33 25
RETAIL_ARRIVAL 0.582089552238806 0.5732687407241467 54 22 34 24
MANDI_RETAIL_ARRIVAL 0.5298507462686567 0.5251034080075647 48 28 35 23
[0.7500249999999999, 4713, 4, 0.6, 0.6, 0.4, 1.0]
MANDI 0.5298507462686567 0.5267482521974394 47 29 34 24
RETAIL 0.582089552238806 0.5786270030743864 51 25 31 27
ARRIVAL 0.44029850746268656 0.43828530768935803 40 36 39 19
MANDI_RETAIL 0.5895522388059702 0.5819020585067649 54 22 33 25
MANDI_ARRIVAL 0.5597014925373134 0.5514949354890752 52 24 35 23
RETAIL_ARRIVAL 0.5895522388059702 0.583762559467133 53 23 32 26
MANDI_RETAIL_ARRIVAL 0.4925373134328358 0.48642896627971255 46 30 38 20
[0.0001, 2112, 4, 0.8, 0.5, 0.6, 0.0001]
MANDI 0.5746268656716418 0.5421851885509993 61 15 42 16
RETAIL 0.5671641791044776 0.5557118729527416 54 22 36 22
ARRIVAL 0.5597014925373134 0.5215909403259943 61 15 44 14
MANDI_RETAIL 0.5895522388059702 0.5540254528462658 63 13 42 16
MANDI_ARRIVAL 0.5671641791044776 0.5557118729527416 54 22 36 22
RETAIL_ARRIVAL 0.5671641791044776 0.5531485429992893 55 21 37 21
MANDI_RETAIL_ARRIVAL 0.5597014925373134 0.5167048076876946 62 14 45 13
ONION LOW
[0.250075, 205, 4, 0.3, 0.3, 0.4, 1.0]
MANDI 0.7829457364341085 0.7570826258656542 92 7 21 9
RETAIL 0.7674418604651163 0.7338523245934678 92 7 23 7
ARRIVAL 0.7751937984496124 0.739643050297458 93 6 23 7
MANDI_RETAIL 0.751937984496124 0.7330948121645796 88 11 21 9
MANDI_ARRIVAL 0.6976744186046512 0.6579320886559669 87 12 27 3
RETAIL_ARRIVAL 0.6589147286821705 0.6096500760704193 85 14 30 0
MANDI_RETAIL_ARRIVAL 0.7286821705426356 0.6776938136973267 91 8 27 3
[0.0001, 2198, 5, 0.8, 0.6, 0.0, 0.7500249999999999]
MANDI 0.813953488372093 0.7917851078848465 94 5 19 11
RETAIL 0.8217054263565892 0.8063847325956087 93 6 17 13
ARRIVAL 0.7829457364341085 0.7223269781409317 97 2 26 4
MANDI_RETAIL 0.7751937984496124 0.739643050297458 93 6 23 7
MANDI_ARRIVAL 0.7364341085271318 0.6509551495016612 95 4 30 0
RETAIL_ARRIVAL 0.7441860465116279 0.6671632674344113 95 4 29 1
MANDI_RETAIL_ARRIVAL 0.7286821705426356 0.6469913442486181 94 5 30 0
[1.0, 4764, 5, 0.4, 0.3, 0.8, 0.7500249999999999]
MANDI 0.7674418604651163 0.7497763864042933 89 10 20 10
RETAIL 0.6976744186046512 0.6993851733300305 79 20 19 11
ARRIVAL 0.7364341085271318 0.7212775934835091 86 13 21 9
MANDI_RETAIL 0.6976744186046512 0.6651767812377618 86 13 26 4
MANDI_ARRIVAL 0.6821705426356589 0.6480063597627751 85 14 27 3
RETAIL_ARRIVAL 0.6976744186046512 0.6651767812377618 86 13 26 4
MANDI_RETAIL_ARRIVAL 0.6976744186046512 0.6579320886559669 87 12 27 3
[0.0001, 405, 5, 0.4, 0.2, 0.8, 0.0001]
MANDI 0.7906976744186046 0.7575987020010818 94 5 22 8
RETAIL 0.7984496124031008 0.7744338668752504 93 6 20 10
ARRIVAL 0.7674418604651163 0.6664626682986536 99 0 30 0
MANDI_RETAIL 0.7829457364341085 0.7454780361757106 94 5 23 7
MANDI_ARRIVAL 0.751937984496124 0.658777526239967 97 2 30 0
RETAIL_ARRIVAL 0.7674418604651163 0.6664626682986536 99 0 30 0
MANDI_RETAIL_ARRIVAL 0.7674418604651163 0.6664626682986536 99 0 30 0
[1.0, 4764, 5, 0.3, 0.1, 0.6, 0.50005]
MANDI 0.7364341085271318 0.7164132379248658 87 12 22 8
RETAIL 0.7286821705426356 0.7196908945104614 84 15 20 10
ARRIVAL 0.6821705426356589 0.6761784711692455 80 19 22 8
MANDI_RETAIL 0.7441860465116279 0.7166880456627216 89 10 23 7
MANDI_ARRIVAL 0.6976744186046512 0.6651767812377618 86 13 26 4
RETAIL_ARRIVAL 0.6511627906976745 0.6340821284474363 80 19 26 4
MANDI_RETAIL_ARRIVAL 0.6821705426356589 0.640390144484478 86 13 28 2
[0.7500249999999999, 4764, 5, 0.4, 0.6, 0.6, 0.7500249999999999]
MANDI 0.7441860465116279 0.73166022752812 86 13 20 10
RETAIL 0.7054263565891473 0.697822440051314 82 17 21 9
ARRIVAL 0.7751937984496124 0.7456418095134112 92 7 22 8
MANDI_RETAIL 0.6976744186046512 0.6651767812377618 86 13 26 4
MANDI_ARRIVAL 0.7131782945736435 0.6678204434829638 89 10 27 3
RETAIL_ARRIVAL 0.6434108527131783 0.6090254706533776 82 17 29 1
MANDI_RETAIL_ARRIVAL 0.6744186046511628 0.6356239387984813 85 14 28 2
[0.250075, 154, 3, 0.7, 0.6, 0.2, 1.0]
MANDI 0.7906976744186046 0.77677987271754 90 9 18 12
RETAIL 0.7674418604651163 0.7497763864042933 89 10 20 10
ARRIVAL 0.751937984496124 0.7161091462330323 91 8 24 6
MANDI_RETAIL 0.7286821705426356 0.699517624187735 88 11 24 6
MANDI_ARRIVAL 0.7441860465116279 0.7037317468902109 91 8 25 5
RETAIL_ARRIVAL 0.689922480620155 0.6266268401962876 89 10 30 0
MANDI_RETAIL_ARRIVAL 0.689922480620155 0.6451364327912905 87 12 28 2
[0.0001, 4624, 3, 0.5, 0.2, 0.6, 0.7500249999999999]
MANDI 0.7906976744186046 0.7575987020010818 94 5 22 8
RETAIL 0.7906976744186046 0.7631837536849001 93 6 21 9
ARRIVAL 0.7674418604651163 0.6664626682986536 99 0 30 0
MANDI_RETAIL 0.7829457364341085 0.7454780361757106 94 5 23 7
MANDI_ARRIVAL 0.751937984496124 0.658777526239967 97 2 30 0
RETAIL_ARRIVAL 0.7674418604651163 0.6664626682986536 99 0 30 0
MANDI_RETAIL_ARRIVAL 0.7674418604651163 0.6664626682986536 99 0 30 0
[0.50005, 154, 4, 0.7, 0.1, 0.8, 0.250075]
MANDI 0.7829457364341085 0.762015503875969 91 8 20 10
RETAIL 0.7286821705426356 0.7196908945104614 84 15 20 10
ARRIVAL 0.7441860465116279 0.7105579211704335 90 9 24 6
MANDI_RETAIL 0.7364341085271318 0.7050289028368658 89 10 24 6
MANDI_ARRIVAL 0.7596899224806202 0.7216873985938346 92 7 24 6
RETAIL_ARRIVAL 0.6821705426356589 0.6319091400757164 87 12 29 1
MANDI_RETAIL_ARRIVAL 0.7131782945736435 0.6678204434829638 89 10 27 3
[0.50005, 1776, 5, 0.3, 0.2, 0.0, 0.250075]
MANDI 0.7286821705426356 0.7053680713411435 87 12 23 7
RETAIL 0.7209302325581395 0.70953032375741 84 15 21 9
ARRIVAL 0.7364341085271318 0.7110188261351053 88 11 23 7
MANDI_RETAIL 0.751937984496124 0.7161091462330323 91 8 24 6
MANDI_ARRIVAL 0.7286821705426356 0.6930159769989446 89 10 25 5
RETAIL_ARRIVAL 0.6744186046511628 0.6496869409660107 83 16 26 4
MANDI_RETAIL_ARRIVAL 0.689922480620155 0.672091286451187 83 16 24 6
[0.50005, 2198, 4, 0.3, 0.6, 0.8, 0.50005]
MANDI 0.7906976744186046 0.7727125121774536 91 8 19 11
RETAIL 0.7209302325581395 0.70953032375741 84 15 21 9
ARRIVAL 0.7131782945736435 0.6941057515018141 85 14 23 7
MANDI_RETAIL 0.7131782945736435 0.6991341945012255 84 15 22 8
MANDI_ARRIVAL 0.6821705426356589 0.6480063597627751 85 14 27 3
RETAIL_ARRIVAL 0.689922480620155 0.6529751798080776 86 13 27 3
MANDI_RETAIL_ARRIVAL 0.6744186046511628 0.6356239387984813 85 14 28 2
[0.250075, 205, 3, 0.7, 0.2, 0.6, 0.7500249999999999]
MANDI 0.7906976744186046 0.77677987271754 90 9 18 12
RETAIL 0.7674418604651163 0.7540684648383902 88 11 19 11
ARRIVAL 0.7596899224806202 0.7216873985938346 92 7 24 6
MANDI_RETAIL 0.7286821705426356 0.699517624187735 88 11 24 6
MANDI_ARRIVAL 0.7596899224806202 0.7145288064176323 93 6 25 5
RETAIL_ARRIVAL 0.6976744186046512 0.6408588209770213 89 10 29 1
MANDI_RETAIL_ARRIVAL 0.7131782945736435 0.6592763173371741 90 9 28 2
[1.0, 2085, 4, 0.4, 0.1, 0.0, 0.50005]
MANDI 0.7674418604651163 0.7397313848560582 91 8 22 8
RETAIL 0.6976744186046512 0.6876555681687999 82 17 22 8
ARRIVAL 0.7131782945736435 0.6941057515018141 85 14 23 7
MANDI_RETAIL 0.7441860465116279 0.7166880456627216 89 10 23 7
MANDI_ARRIVAL 0.7286821705426356 0.699517624187735 88 11 24 6
RETAIL_ARRIVAL 0.6821705426356589 0.6480063597627751 85 14 27 3
MANDI_RETAIL_ARRIVAL 0.6976744186046512 0.6716958509229884 85 14 25 5
[0.0001, 205, 4, 0.3, 0.1, 0.2, 0.250075]
MANDI 0.7596899224806202 0.6975037754791518 95 4 27 3
RETAIL 0.7829457364341085 0.7515955029539033 93 6 22 8
ARRIVAL 0.7674418604651163 0.6664626682986536 99 0 30 0
MANDI_RETAIL 0.7441860465116279 0.6671632674344113 95 4 29 1
MANDI_ARRIVAL 0.7674418604651163 0.6664626682986536 99 0 30 0
RETAIL_ARRIVAL 0.7674418604651163 0.6664626682986536 99 0 30 0
MANDI_RETAIL_ARRIVAL 0.7674418604651163 0.6664626682986536 99 0 30 0
[1.0, 405, 3, 0.8, 0.2, 0.0, 1.0]
MANDI 0.7674418604651163 0.7497763864042933 89 10 20 10
RETAIL 0.7441860465116279 0.7357085576812923 85 14 19 11
ARRIVAL 0.7286821705426356 0.7106405757449592 86 13 22 8
MANDI_RETAIL 0.7209302325581395 0.6876776618272699 88 11 25 5
MANDI_ARRIVAL 0.7441860465116279 0.7166880456627216 89 10 23 7
RETAIL_ARRIVAL 0.6821705426356589 0.654859740713911 84 15 26 4
MANDI_RETAIL_ARRIVAL 0.7131782945736435 0.6592763173371741 90 9 28 2
[0.250075, 1776, 4, 0.7, 0.3, 0.6, 0.7500249999999999]
MANDI 0.7674418604651163 0.7497763864042933 89 10 20 10
RETAIL 0.7364341085271318 0.7364341085271318 82 17 17 13
ARRIVAL 0.813953488372093 0.7870818596747744 95 4 20 10
MANDI_RETAIL 0.7364341085271318 0.7164132379248658 87 12 22 8
MANDI_ARRIVAL 0.7441860465116279 0.7037317468902109 91 8 25 5
RETAIL_ARRIVAL 0.689922480620155 0.6363971945367295 88 11 29 1
MANDI_RETAIL_ARRIVAL 0.7364341085271318 0.6826328141668444 92 7 27 3
[1.0, 405, 5, 0.5, 0.2, 0.6, 1.0]
MANDI 0.7674418604651163 0.7497763864042933 89 10 20 10
RETAIL 0.6744186046511628 0.6704330392943062 79 20 22 8
ARRIVAL 0.751937984496124 0.7330948121645796 88 11 21 9
MANDI_RETAIL 0.7131782945736435 0.6823472027127483 87 12 25 5
MANDI_ARRIVAL 0.7286821705426356 0.699517624187735 88 11 24 6
RETAIL_ARRIVAL 0.6976744186046512 0.6579320886559669 87 12 27 3
MANDI_RETAIL_ARRIVAL 0.7131782945736435 0.6823472027127483 87 12 25 5
[0.7500249999999999, 2085, 5, 0.7, 0.6, 0.0, 0.250075]
MANDI 0.751937984496124 0.7280177187153931 89 10 22 8
RETAIL 0.6589147286821705 0.6626758730498951 76 23 21 9
ARRIVAL 0.7286821705426356 0.7053680713411435 87 12 23 7
MANDI_RETAIL 0.7364341085271318 0.6983659678725969 90 9 25 5
MANDI_ARRIVAL 0.7751937984496124 0.739643050297458 93 6 23 7
RETAIL_ARRIVAL 0.6666666666666666 0.6380236305048335 83 16 27 3
MANDI_RETAIL_ARRIVAL 0.6666666666666666 0.622848200312989 85 14 29 1
[1.0, 2085, 4, 0.4, 0.6, 0.2, 1.0]
MANDI 0.7131782945736435 0.6991341945012255 84 15 22 8
RETAIL 0.7131782945736435 0.7036732313396307 83 16 21 9
ARRIVAL 0.7364341085271318 0.7212775934835091 86 13 21 9
MANDI_RETAIL 0.7364341085271318 0.7164132379248658 87 12 22 8
MANDI_ARRIVAL 0.6666666666666666 0.6380236305048335 83 16 27 3
RETAIL_ARRIVAL 0.689922480620155 0.6600221483942413 85 14 26 4
MANDI_RETAIL_ARRIVAL 0.6666666666666666 0.6445012787723785 82 17 26 4
[1.0, 205, 5, 0.7, 0.2, 0.4, 0.50005]
MANDI 0.7596899224806202 0.7437102242312496 88 11 20 10
RETAIL 0.7286821705426356 0.7196908945104614 84 15 20 10
ARRIVAL 0.7674418604651163 0.745016611295681 90 9 21 9
MANDI_RETAIL 0.7286821705426356 0.699517624187735 88 11 24 6
MANDI_ARRIVAL 0.7441860465116279 0.7166880456627216 89 10 23 7
RETAIL_ARRIVAL 0.6666666666666666 0.6556202418271383 80 19 24 6
MANDI_RETAIL_ARRIVAL 0.6976744186046512 0.6498647917793402 88 11 28 2
POTATO HIGH
[0.0001, 1242, 5, 0.7, 0.6, 0.3, 0.250075]
MANDI 0.6 0.5522727272727272 2 9 3 16
RETAIL 0.5333333333333333 0.47765151515151516 1 10 4 15
ARRIVAL 0.5666666666666667 0.45815602836879427 0 11 2 17
MANDI_RETAIL 0.4 0.361904761904762 0 11 7 12
MANDI_ARRIVAL 0.5 0.4555403556771546 1 10 5 14
RETAIL_ARRIVAL 0.5 0.4555403556771546 1 10 5 14
MANDI_RETAIL_ARRIVAL 0.5333333333333333 0.5037037037037037 2 9 5 14
[0.50005, 4558, 3, 0.0, 0.1, 0.5, 0.7500249999999999]
MANDI 0.36666666666666664 0.19674796747967477 11 0 19 0
RETAIL 0.36666666666666664 0.19674796747967477 11 0 19 0
ARRIVAL 0.36666666666666664 0.19674796747967477 11 0 19 0
MANDI_RETAIL 0.36666666666666664 0.19674796747967477 11 0 19 0
MANDI_ARRIVAL 0.36666666666666664 0.19674796747967477 11 0 19 0
RETAIL_ARRIVAL 0.36666666666666664 0.19674796747967477 11 0 19 0
MANDI_RETAIL_ARRIVAL 0.36666666666666664 0.19674796747967477 11 0 19 0
[1.0, 1851, 5, 0.1, 0.1, 0.3, 1.0]
MANDI 0.4666666666666667 0.4328042328042328 1 10 6 13
RETAIL 0.4666666666666667 0.4328042328042328 1 10 6 13
ARRIVAL 0.4666666666666667 0.4328042328042328 1 10 6 13
MANDI_RETAIL 0.4666666666666667 0.4328042328042328 1 10 6 13
MANDI_ARRIVAL 0.4666666666666667 0.4328042328042328 1 10 6 13
RETAIL_ARRIVAL 0.4666666666666667 0.4328042328042328 1 10 6 13
MANDI_RETAIL_ARRIVAL 0.4666666666666667 0.4328042328042328 1 10 6 13
[1.0, 4221, 3, 0.1, 0.1, 0.1, 1.0]
MANDI 0.5333333333333333 0.4405797101449275 0 11 3 16
RETAIL 0.5333333333333333 0.4405797101449275 0 11 3 16
ARRIVAL 0.5333333333333333 0.4405797101449275 0 11 3 16
MANDI_RETAIL 0.5333333333333333 0.4405797101449275 0 11 3 16
MANDI_ARRIVAL 0.5333333333333333 0.4405797101449275 0 11 3 16
RETAIL_ARRIVAL 0.5333333333333333 0.4405797101449275 0 11 3 16
MANDI_RETAIL_ARRIVAL 0.5333333333333333 0.4405797101449275 0 11 3 16
[0.7500249999999999, 3954, 5, 0.1, 0.1, 0.7, 0.0001]
MANDI 0.6333333333333333 0.5415166393889799 1 10 1 18
RETAIL 0.6333333333333333 0.5415166393889799 1 10 1 18
ARRIVAL 0.6333333333333333 0.5415166393889799 1 10 1 18
MANDI_RETAIL 0.6333333333333333 0.5415166393889799 1 10 1 18
MANDI_ARRIVAL 0.6333333333333333 0.5415166393889799 1 10 1 18
RETAIL_ARRIVAL 0.6333333333333333 0.5415166393889799 1 10 1 18
MANDI_RETAIL_ARRIVAL 0.6333333333333333 0.5415166393889799 1 10 1 18
[0.250075, 3401, 4, 0.6, 0.8, 0.5, 0.50005]
MANDI 0.7 0.6872913992297818 5 6 3 16
RETAIL 0.5666666666666667 0.5702311006658831 5 6 7 12
ARRIVAL 0.5333333333333333 0.47765151515151516 1 10 4 15
MANDI_RETAIL 0.23333333333333334 0.2396396396396396 0 11 12 7
MANDI_ARRIVAL 0.6 0.5522727272727272 2 9 3 16
RETAIL_ARRIVAL 0.5 0.478818998716303 2 9 6 13
MANDI_RETAIL_ARRIVAL 0.6333333333333333 0.6178005990586222 4 7 4 15
[0.0001, 1115, 3, 0.1, 0.0, 0.5, 1.0]
MANDI 0.6333333333333333 0.49115646258503404 0 11 0 19
RETAIL 0.6333333333333333 0.49115646258503404 0 11 0 19
ARRIVAL 0.6333333333333333 0.49115646258503404 0 11 0 19
MANDI_RETAIL 0.6333333333333333 0.49115646258503404 0 11 0 19
MANDI_ARRIVAL 0.6333333333333333 0.49115646258503404 0 11 0 19
RETAIL_ARRIVAL 0.6333333333333333 0.49115646258503404 0 11 0 19
MANDI_RETAIL_ARRIVAL 0.6333333333333333 0.49115646258503404 0 11 0 19
[0.250075, 4101, 4, 0.4, 0.6, 0.0, 0.50005]
MANDI 0.7333333333333333 0.7164021164021165 5 6 2 17
RETAIL 0.5333333333333333 0.5333333333333333 4 7 7 12
ARRIVAL 0.6333333333333333 0.5415166393889799 1 10 1 18
MANDI_RETAIL 0.23333333333333334 0.2396396396396396 0 11 12 7
MANDI_ARRIVAL 0.6666666666666666 0.6268939393939393 3 8 2 17
RETAIL_ARRIVAL 0.5333333333333333 0.5216666666666667 3 8 6 13
MANDI_RETAIL_ARRIVAL 0.6666666666666666 0.6455026455026456 4 7 3 16
[0.250075, 4101, 5, 0.6, 0.8, 0.7, 0.7500249999999999]
MANDI 0.7333333333333333 0.7164021164021165 5 6 2 17
RETAIL 0.5666666666666667 0.5702311006658831 5 6 7 12
ARRIVAL 0.6 0.5522727272727272 2 9 3 16
MANDI_RETAIL 0.3 0.2923076923076923 0 11 10 9
MANDI_ARRIVAL 0.6 0.5522727272727272 2 9 3 16
RETAIL_ARRIVAL 0.5333333333333333 0.5216666666666667 3 8 6 13
MANDI_RETAIL_ARRIVAL 0.6333333333333333 0.6178005990586222 4 7 4 15
[0.0001, 4101, 3, 0.6, 0.4, 0.7, 1.0]
MANDI 0.6666666666666666 0.5625 1 10 0 19
RETAIL 0.6 0.520496894409938 1 10 2 17
ARRIVAL 0.6 0.475 0 11 1 18
MANDI_RETAIL 0.6333333333333333 0.49115646258503404 0 11 0 19
MANDI_ARRIVAL 0.5666666666666667 0.45815602836879427 0 11 2 17
RETAIL_ARRIVAL 0.6 0.475 0 11 1 18
MANDI_RETAIL_ARRIVAL 0.6333333333333333 0.49115646258503404 0 11 0 19
[1.0, 3954, 3, 0.6, 0.1, 0.0, 0.50005]
MANDI 0.6666666666666666 0.6455026455026456 4 7 3 16
RETAIL 0.6 0.6055555555555556 6 5 7 12
ARRIVAL 0.6 0.5522727272727272 2 9 3 16
MANDI_RETAIL 0.3 0.3057579318448884 1 10 11 8
MANDI_ARRIVAL 0.5333333333333333 0.5037037037037037 2 9 5 14
RETAIL_ARRIVAL 0.6666666666666666 0.6455026455026456 4 7 3 16
MANDI_RETAIL_ARRIVAL 0.6666666666666666 0.6583333333333333 5 6 4 15
[0.250075, 1115, 4, 0.0, 0.4, 0.0, 0.7500249999999999]
MANDI 0.36666666666666664 0.19674796747967477 11 0 19 0
RETAIL 0.36666666666666664 0.19674796747967477 11 0 19 0
ARRIVAL 0.36666666666666664 0.19674796747967477 11 0 19 0
MANDI_RETAIL 0.36666666666666664 0.19674796747967477 11 0 19 0
MANDI_ARRIVAL 0.36666666666666664 0.19674796747967477 11 0 19 0
RETAIL_ARRIVAL 0.36666666666666664 0.19674796747967477 11 0 19 0
MANDI_RETAIL_ARRIVAL 0.36666666666666664 0.19674796747967477 11 0 19 0
[0.7500249999999999, 4101, 3, 0.1, 0.4, 0.5, 1.0]
MANDI 0.6 0.475 0 11 1 18
RETAIL 0.6 0.475 0 11 1 18
ARRIVAL 0.6 0.475 0 11 1 18
MANDI_RETAIL 0.6333333333333333 0.49115646258503404 0 11 0 19
MANDI_ARRIVAL 0.6 0.475 0 11 1 18
RETAIL_ARRIVAL 0.6 0.475 0 11 1 18
MANDI_RETAIL_ARRIVAL 0.6 0.475 0 11 1 18
[0.250075, 4558, 3, 0.6, 0.1, 0.1, 0.7500249999999999]
MANDI 0.7 0.6733242134062928 4 7 2 17
RETAIL 0.6333333333333333 0.6293040293040293 5 6 5 14
ARRIVAL 0.6333333333333333 0.5762962962962963 2 9 2 17
MANDI_RETAIL 0.36666666666666664 0.33983739837398375 0 11 8 11
MANDI_ARRIVAL 0.6 0.5522727272727272 2 9 3 16
RETAIL_ARRIVAL 0.5666666666666667 0.5483097988874626 3 8 5 14
MANDI_RETAIL_ARRIVAL 0.7 0.6733242134062928 4 7 2 17
[0.50005, 3822, 4, 0.6, 0.4, 0.1, 0.250075]
MANDI 0.7333333333333333 0.7164021164021165 5 6 2 17
RETAIL 0.5333333333333333 0.5333333333333333 4 7 7 12
ARRIVAL 0.5666666666666667 0.49925925925925924 1 10 3 16
MANDI_RETAIL 0.3 0.2923076923076923 0 11 10 9
MANDI_ARRIVAL 0.5666666666666667 0.5281349749202007 2 9 4 15
RETAIL_ARRIVAL 0.5 0.4945054945054945 3 8 7 12
MANDI_RETAIL_ARRIVAL 0.6666666666666666 0.6455026455026456 4 7 3 16
[0.50005, 4558, 4, 0.4, 0.1, 0.5, 1.0]
MANDI 0.6666666666666666 0.6583333333333333 5 6 4 15
RETAIL 0.6 0.6055555555555556 6 5 7 12
ARRIVAL 0.6333333333333333 0.5762962962962963 2 9 2 17
MANDI_RETAIL 0.43333333333333335 0.40932819854514335 1 10 7 12
MANDI_ARRIVAL 0.6333333333333333 0.6007295941632467 3 8 3 16
RETAIL_ARRIVAL 0.6333333333333333 0.6007295941632467 3 8 3 16
MANDI_RETAIL_ARRIVAL 0.7 0.6733242134062928 4 7 2 17
[0.7500249999999999, 3954, 5, 0.4, 0.0, 0.0, 1.0]
MANDI 0.6666666666666666 0.6455026455026456 4 7 3 16
RETAIL 0.5666666666666667 0.5740952380952381 6 5 8 11
ARRIVAL 0.5666666666666667 0.49925925925925924 1 10 3 16
MANDI_RETAIL 0.3 0.2923076923076923 0 11 10 9
MANDI_ARRIVAL 0.6 0.5746031746031746 3 8 4 15
RETAIL_ARRIVAL 0.5666666666666667 0.5483097988874626 3 8 5 14
MANDI_RETAIL_ARRIVAL 0.6666666666666666 0.6455026455026456 4 7 3 16
[1.0, 3303, 4, 0.6, 0.1, 0.1, 1.0]
MANDI 0.6666666666666666 0.6583333333333333 5 6 4 15
RETAIL 0.6 0.6 5 6 6 13
ARRIVAL 0.5333333333333333 0.47765151515151516 1 10 4 15
MANDI_RETAIL 0.36666666666666664 0.3597069597069597 1 10 9 10
MANDI_ARRIVAL 0.5666666666666667 0.5281349749202007 2 9 4 15
RETAIL_ARRIVAL 0.6333333333333333 0.6178005990586222 4 7 4 15
MANDI_RETAIL_ARRIVAL 0.7 0.6733242134062928 4 7 2 17
[0.250075, 3401, 3, 0.7, 0.6, 0.1, 0.250075]
MANDI 0.6666666666666666 0.6455026455026456 4 7 3 16
RETAIL 0.5333333333333333 0.5333333333333333 4 7 7 12
ARRIVAL 0.5666666666666667 0.49925925925925924 1 10 3 16
MANDI_RETAIL 0.3333333333333333 0.31666666666666665 0 11 9 10
MANDI_ARRIVAL 0.6333333333333333 0.6007295941632467 3 8 3 16
RETAIL_ARRIVAL 0.5666666666666667 0.5483097988874626 3 8 5 14
MANDI_RETAIL_ARRIVAL 0.7 0.6733242134062928 4 7 2 17
[0.250075, 3822, 3, 0.6, 0.0, 0.0, 1.0]
MANDI 0.6 0.5746031746031746 3 8 4 15
RETAIL 0.6333333333333333 0.6293040293040293 5 6 5 14
ARRIVAL 0.6 0.520496894409938 1 10 2 17
MANDI_RETAIL 0.4 0.361904761904762 0 11 7 12
MANDI_ARRIVAL 0.5666666666666667 0.5281349749202007 2 9 4 15
RETAIL_ARRIVAL 0.5666666666666667 0.5483097988874626 3 8 5 14
MANDI_RETAIL_ARRIVAL 0.7 0.6733242134062928 4 7 2 17
POTATO LOW
[0.250075, 3904, 3, 0.4, 0.6, 0.2, 0.7500249999999999]
MANDI 0.7428571428571429 0.7375415282392026 9 6 3 17
RETAIL 0.6285714285714286 0.6266971044094677 8 7 6 14
ARRIVAL 0.5142857142857142 0.5118346749969963 6 9 8 12
MANDI_RETAIL 0.45714285714285713 0.4544034602907605 5 10 9 11
MANDI_ARRIVAL 0.6857142857142857 0.6841283191157034 9 6 5 15
RETAIL_ARRIVAL 0.5142857142857142 0.5158927094410964 7 8 9 11
MANDI_RETAIL_ARRIVAL 0.42857142857142855 0.42857142857142855 5 10 10 10
[0.7500249999999999, 2581, 4, 0.3, 0.5, 0.2, 0.50005]
MANDI 0.7142857142857143 0.7052947052947053 8 7 3 17
RETAIL 0.6571428571428571 0.6571428571428571 9 6 6 14
ARRIVAL 0.6571428571428571 0.6366459627329193 6 9 3 17
MANDI_RETAIL 0.5428571428571428 0.5428571428571428 7 8 8 12
MANDI_ARRIVAL 0.6571428571428571 0.6530612244897961 8 7 5 15
RETAIL_ARRIVAL 0.4857142857142857 0.4857142857142857 6 9 9 11
MANDI_RETAIL_ARRIVAL 0.5428571428571428 0.5374149659863946 6 9 7 13
[0.7500249999999999, 802, 4, 0.2, 0.2, 0.8, 0.250075]
MANDI 0.6857142857142857 0.6841283191157034 9 6 5 15
RETAIL 0.6285714285714286 0.6298003072196622 9 6 7 13
ARRIVAL 0.5428571428571428 0.4978354978354978 3 12 4 16
MANDI_RETAIL 0.45714285714285713 0.445921004060539 4 11 8 12
MANDI_ARRIVAL 0.6 0.5606060606060606 4 11 3 17
RETAIL_ARRIVAL 0.5714285714285714 0.5381260737412449 4 11 4 16
MANDI_RETAIL_ARRIVAL 0.6571428571428571 0.6463536463536462 7 8 4 16
[0.7500249999999999, 1216, 3, 0.1, 0.5, 0.1, 1.0]
MANDI 0.6 0.5952380952380952 7 8 6 14
RETAIL 0.45714285714285713 0.445921004060539 4 11 8 12
ARRIVAL 0.4857142857142857 0.43506493506493515 2 13 5 15
MANDI_RETAIL 0.4857142857142857 0.4549689440993789 3 12 6 14
MANDI_ARRIVAL 0.5142857142857142 0.4548104956268221 2 13 4 16
RETAIL_ARRIVAL 0.4857142857142857 0.43506493506493515 2 13 5 15
MANDI_RETAIL_ARRIVAL 0.4857142857142857 0.43506493506493515 2 13 5 15
[0.7500249999999999, 2638, 4, 0.2, 0.0, 0.1, 1.0]
MANDI 0.7142857142857143 0.7108843537414966 9 6 4 16
RETAIL 0.7142857142857143 0.7052947052947053 8 7 3 17
ARRIVAL 0.4 0.40294840294840295 6 9 12 8
MANDI_RETAIL 0.34285714285714286 0.3292727943890735 2 13 10 10
MANDI_ARRIVAL 0.6571428571428571 0.6571428571428571 9 6 6 14
RETAIL_ARRIVAL 0.5428571428571428 0.5428571428571428 7 8 8 12
MANDI_RETAIL_ARRIVAL 0.45714285714285713 0.4330158730158731 3 12 7 13
[1.0, 4613, 3, 0.3, 0.5, 0.3, 1.0]
MANDI 0.7714285714285715 0.7687074829931972 10 5 3 17
RETAIL 0.6285714285714286 0.6266971044094677 8 7 6 14
ARRIVAL 0.45714285714285713 0.4544034602907605 5 10 9 11
MANDI_RETAIL 0.5142857142857142 0.5042451088962717 5 10 7 13
MANDI_ARRIVAL 0.6 0.5874125874125873 6 9 5 15
RETAIL_ARRIVAL 0.5428571428571428 0.5284715284715286 5 10 6 14
MANDI_RETAIL_ARRIVAL 0.4857142857142857 0.47959183673469374 5 10 8 12
[0.0001, 3081, 4, 0.4, 0.0, 0.8, 0.0001]
MANDI 0.7714285714285715 0.7642357642357642 9 6 2 18
RETAIL 0.6571428571428571 0.6233766233766234 5 10 2 18
ARRIVAL 0.37142857142857144 0.3338509316770186 1 14 8 12
MANDI_RETAIL 0.5714285714285714 0.4155844155844156 0 15 0 20
MANDI_ARRIVAL 0.5428571428571428 0.4432234432234432 1 14 2 18
RETAIL_ARRIVAL 0.4 0.32653061224489793 0 15 6 14
MANDI_RETAIL_ARRIVAL 0.5142857142857142 0.4260651629072681 1 14 3 17
[0.250075, 3275, 4, 0.4, 0.2, 0.2, 0.7500249999999999]
MANDI 0.7714285714285715 0.7687074829931972 10 5 3 17
RETAIL 0.6285714285714286 0.6208933185677372 7 8 5 15
ARRIVAL 0.5142857142857142 0.5118346749969963 6 9 8 12
MANDI_RETAIL 0.5714285714285714 0.5692658897032321 7 8 7 13
MANDI_ARRIVAL 0.7142857142857143 0.7108843537414966 9 6 4 16
RETAIL_ARRIVAL 0.5428571428571428 0.5443510737628384 9 6 10 10
MANDI_RETAIL_ARRIVAL 0.45714285714285713 0.445921004060539 4 11 8 12
[0.7500249999999999, 3275, 5, 0.4, 0.6, 0.0, 0.50005]
MANDI 0.7714285714285715 0.7714285714285716 11 4 4 16
RETAIL 0.6857142857142857 0.6841283191157034 9 6 5 15
ARRIVAL 0.6 0.5952380952380952 7 8 6 14
MANDI_RETAIL 0.3142857142857143 0.31766917293233077 4 11 13 7
MANDI_ARRIVAL 0.7428571428571429 0.7415595338219392 10 5 4 16
RETAIL_ARRIVAL 0.6 0.6019736842105263 9 6 8 12
MANDI_RETAIL_ARRIVAL 0.42857142857142855 0.4217687074829932 4 11 9 11
[0.50005, 1176, 5, 0.4, 0.3, 0.0, 0.50005]
MANDI 0.7428571428571429 0.7415595338219392 10 5 4 16
RETAIL 0.6285714285714286 0.6266971044094677 8 7 6 14
ARRIVAL 0.5142857142857142 0.5118346749969963 6 9 8 12
MANDI_RETAIL 0.5428571428571428 0.5428571428571428 7 8 8 12
MANDI_ARRIVAL 0.7142857142857143 0.7108843537414966 9 6 4 16
RETAIL_ARRIVAL 0.6 0.6 8 7 7 13
MANDI_RETAIL_ARRIVAL 0.42857142857142855 0.4217687074829932 4 11 9 11
[0.250075, 1176, 4, 0.7, 0.3, 0.8, 0.7500249999999999]
MANDI 0.7714285714285715 0.7687074829931972 10 5 3 17
RETAIL 0.6285714285714286 0.6208933185677372 7 8 5 15
ARRIVAL 0.4857142857142857 0.4857142857142857 6 9 9 11
MANDI_RETAIL 0.5142857142857142 0.5042451088962717 5 10 7 13
MANDI_ARRIVAL 0.6571428571428571 0.6571428571428571 9 6 6 14
RETAIL_ARRIVAL 0.5714285714285714 0.5728465083303794 8 7 8 12
MANDI_RETAIL_ARRIVAL 0.6 0.6 8 7 7 13
[0.7500249999999999, 2638, 3, 0.4, 0.0, 0.3, 0.50005]
MANDI 0.7428571428571429 0.7415595338219392 10 5 4 16
RETAIL 0.5428571428571428 0.5451127819548873 8 7 9 11
ARRIVAL 0.5428571428571428 0.5284715284715286 5 10 6 14
MANDI_RETAIL 0.5714285714285714 0.5625692137320044 6 9 6 14
MANDI_ARRIVAL 0.7142857142857143 0.7142857142857143 10 5 5 15
RETAIL_ARRIVAL 0.5428571428571428 0.5284715284715286 5 10 6 14
MANDI_RETAIL_ARRIVAL 0.5714285714285714 0.5692658897032321 7 8 7 13
[0.50005, 3275, 3, 0.1, 0.3, 0.1, 0.250075]
MANDI 0.6571428571428571 0.6571428571428571 9 6 6 14
RETAIL 0.4857142857142857 0.47959183673469374 5 10 8 12
ARRIVAL 0.42857142857142855 0.3944099378881988 2 13 7 13
MANDI_RETAIL 0.5714285714285714 0.5728465083303794 8 7 8 12
MANDI_ARRIVAL 0.42857142857142855 0.4217687074829932 4 11 9 11
RETAIL_ARRIVAL 0.42857142857142855 0.3944099378881988 2 13 7 13
MANDI_RETAIL_ARRIVAL 0.5714285714285714 0.5728465083303794 8 7 8 12
[0.50005, 1176, 5, 0.1, 0.0, 0.2, 0.50005]
MANDI 0.5714285714285714 0.5625692137320044 6 9 6 14
RETAIL 0.6 0.5952380952380952 7 8 6 14
ARRIVAL 0.4857142857142857 0.47959183673469374 5 10 8 12
MANDI_RETAIL 0.5142857142857142 0.5042451088962717 5 10 7 13
MANDI_ARRIVAL 0.4857142857142857 0.47959183673469374 5 10 8 12
RETAIL_ARRIVAL 0.45714285714285713 0.4544034602907605 5 10 9 11
MANDI_RETAIL_ARRIVAL 0.42857142857142855 0.4217687074829932 4 11 9 11
[0.50005, 3904, 3, 0.3, 0.3, 0.1, 0.0001]
MANDI 0.7428571428571429 0.7375415282392026 9 6 3 17
RETAIL 0.5714285714285714 0.5728465083303794 8 7 8 12
ARRIVAL 0.5714285714285714 0.5625692137320044 6 9 6 14
MANDI_RETAIL 0.45714285714285713 0.4330158730158731 3 12 7 13
MANDI_ARRIVAL 0.7142857142857143 0.7142857142857143 10 5 5 15
RETAIL_ARRIVAL 0.6571428571428571 0.6571428571428571 9 6 6 14
MANDI_RETAIL_ARRIVAL 0.4 0.39697224558452476 4 11 10 10
[0.7500249999999999, 2638, 4, 0.1, 0.3, 0.0, 0.250075]
MANDI 0.6 0.6 8 7 7 13
RETAIL 0.45714285714285713 0.4330158730158731 3 12 7 13
ARRIVAL 0.4857142857142857 0.43506493506493515 2 13 5 15
MANDI_RETAIL 0.5714285714285714 0.5692658897032321 7 8 7 13
MANDI_ARRIVAL 0.5142857142857142 0.4765428835734109 3 12 5 15
RETAIL_ARRIVAL 0.42857142857142855 0.37229437229437234 1 14 6 14
MANDI_RETAIL_ARRIVAL 0.4857142857142857 0.47959183673469374 5 10 8 12
[0.50005, 2638, 5, 0.4, 0.2, 0.8, 0.250075]
MANDI 0.7428571428571429 0.7415595338219392 10 5 4 16
RETAIL 0.5714285714285714 0.5692658897032321 7 8 7 13
ARRIVAL 0.6 0.5874125874125873 6 9 5 15
MANDI_RETAIL 0.45714285714285713 0.4544034602907605 5 10 9 11
MANDI_ARRIVAL 0.7428571428571429 0.7415595338219392 10 5 4 16
RETAIL_ARRIVAL 0.4857142857142857 0.4857142857142857 6 9 9 11
MANDI_RETAIL_ARRIVAL 0.45714285714285713 0.445921004060539 4 11 8 12
[0.50005, 2638, 5, 0.2, 0.3, 0.0, 0.7500249999999999]
MANDI 0.7142857142857143 0.7108843537414966 9 6 4 16
RETAIL 0.5714285714285714 0.5728465083303794 8 7 8 12
ARRIVAL 0.42857142857142855 0.42857142857142855 5 10 10 10
MANDI_RETAIL 0.45714285714285713 0.4544034602907605 5 10 9 11
MANDI_ARRIVAL 0.5428571428571428 0.5374149659863946 6 9 7 13
RETAIL_ARRIVAL 0.5714285714285714 0.5728465083303794 8 7 8 12
MANDI_RETAIL_ARRIVAL 0.4857142857142857 0.47959183673469374 5 10 8 12
[0.50005, 4613, 3, 0.1, 0.5, 0.3, 0.0001]
MANDI 0.6 0.5874125874125873 6 9 5 15
RETAIL 0.4857142857142857 0.4549689440993789 3 12 6 14
ARRIVAL 0.5142857142857142 0.4765428835734109 3 12 5 15
MANDI_RETAIL 0.5714285714285714 0.5692658897032321 7 8 7 13
MANDI_ARRIVAL 0.4857142857142857 0.4085714285714286 1 14 4 16
RETAIL_ARRIVAL 0.5142857142857142 0.4548104956268221 2 13 4 16
MANDI_RETAIL_ARRIVAL 0.6 0.5606060606060606 4 11 3 17
[0.50005, 2581, 5, 0.1, 0.5, 0.2, 0.250075]
MANDI 0.6857142857142857 0.6612924540769128 6 9 2 18
RETAIL 0.5142857142857142 0.4548104956268221 2 13 4 16
ARRIVAL 0.5142857142857142 0.3881401617250674 0 15 2 18
MANDI_RETAIL 0.5714285714285714 0.5189504373177842 3 12 3 17
MANDI_ARRIVAL 0.5428571428571428 0.4432234432234432 1 14 2 18
RETAIL_ARRIVAL 0.5142857142857142 0.4548104956268221 2 13 4 16
MANDI_RETAIL_ARRIVAL 0.42857142857142855 0.34285714285714286 0 15 5 15
